** delta
  +0.0000000000  +5.6300000000  +5.2700000000  +4.6000000000  +4.8000000000  +7.5400000000  +6.7300000000  +7.1800000000  +6.1700000000
  +5.6300000000  +0.0000000000  +6.7200000000  +5.6400000000  +6.2200000000  +5.1200000000  +4.5900000000  +7.2200000000  +5.4700000000
  +5.2700000000  +6.7200000000  +0.0000000000  +5.4600000000  +4.9700000000  +8.1300000000  +7.5500000000  +6.9000000000  +4.6700000000
  +4.6000000000  +5.6400000000  +5.4600000000  +0.0000000000  +3.2000000000  +7.8400000000  +6.7300000000  +7.2800000000  +6.1300000000
  +4.8000000000  +6.2200000000  +4.9700000000  +3.2000000000  +0.0000000000  +7.8000000000  +7.0800000000  +6.9600000000  +6.0400000000
  +7.5400000000  +5.1200000000  +8.1300000000  +7.8400000000  +7.8000000000  +0.0000000000  +4.0800000000  +6.3400000000  +7.4200000000
  +6.7300000000  +4.5900000000  +7.5500000000  +6.7300000000  +7.0800000000  +4.0800000000  +0.0000000000  +6.8800000000  +6.3600000000
  +7.1800000000  +7.2200000000  +6.9000000000  +7.2800000000  +6.9600000000  +6.3400000000  +6.8800000000  +0.0000000000  +7.3600000000
  +6.1700000000  +5.4700000000  +4.6700000000  +6.1300000000  +6.0400000000  +7.4200000000  +6.3600000000  +7.3600000000  +0.0000000000


** xini
  +0.0000000000  +0.0000000000
  +0.0000000000  +0.0000000000
  +0.0000000000  +0.0000000000
  +0.0000000000  +0.0000000000
  +0.0000000000  +0.0000000000
  +0.0000000000  +0.0000000000
  +0.0000000000  +0.0000000000
  +0.0000000000  +0.0000000000
  +0.0000000000  +0.0000000000


delta
 +0.0000 +5.6300 +5.2700 +4.6000 +4.8000 +7.5400 +6.7300 +7.1800 +6.1700
 +5.6300 +0.0000 +6.7200 +5.6400 +6.2200 +5.1200 +4.5900 +7.2200 +5.4700
 +5.2700 +6.7200 +0.0000 +5.4600 +4.9700 +8.1300 +7.5500 +6.9000 +4.6700
 +4.6000 +5.6400 +5.4600 +0.0000 +3.2000 +7.8400 +6.7300 +7.2800 +6.1300
 +4.8000 +6.2200 +4.9700 +3.2000 +0.0000 +7.8000 +7.0800 +6.9600 +6.0400
 +7.5400 +5.1200 +8.1300 +7.8400 +7.8000 +0.0000 +4.0800 +6.3400 +7.4200
 +6.7300 +4.5900 +7.5500 +6.7300 +7.0800 +4.0800 +0.0000 +6.8800 +6.3600
 +7.1800 +7.2200 +6.9000 +7.2800 +6.9600 +6.3400 +6.8800 +0.0000 +7.3600
 +6.1700 +5.4700 +4.6700 +6.1300 +6.0400 +7.4200 +6.3600 +7.3600 +0.0000


delta normalized
 +0.0000 +0.8887 +0.8319 +0.7261 +0.7577 +1.1902 +1.0623 +1.1334 +0.9740
 +0.8887 +0.0000 +1.0608 +0.8903 +0.9818 +0.8082 +0.7245 +1.1397 +0.8635
 +0.8319 +1.0608 +0.0000 +0.8619 +0.7845 +1.2833 +1.1918 +1.0892 +0.7372
 +0.7261 +0.8903 +0.8619 +0.0000 +0.5051 +1.2376 +1.0623 +1.1492 +0.9676
 +0.7577 +0.9818 +0.7845 +0.5051 +0.0000 +1.2313 +1.1176 +1.0987 +0.9534
 +1.1902 +0.8082 +1.2833 +1.2376 +1.2313 +0.0000 +0.6440 +1.0008 +1.1713
 +1.0623 +0.7245 +1.1918 +1.0623 +1.1176 +0.6440 +0.0000 +1.0860 +1.0039
 +1.1334 +1.1397 +1.0892 +1.1492 +1.0987 +1.0008 +1.0860 +0.0000 +1.1618
 +0.9740 +0.8635 +0.7372 +0.9676 +0.9534 +1.1713 +1.0039 +1.1618 +0.0000


xini
 +0.1835 +0.0573
 -0.0971 +0.1264
 +0.0792 -0.0226
 +0.0428 +0.0213
 +0.0313 +0.0032
 -0.0548 +0.0050
 -0.0402 +0.0332
 -0.0187 -0.0879
 +0.0111 +0.0224


dini
 +0.0000 +0.2890 +0.1314 +0.1453 +0.1616 +0.2439 +0.2249 +0.2489 +0.1759
 +0.2890 +0.0000 +0.2308 +0.1749 +0.1779 +0.1286 +0.1092 +0.2281 +0.1501
 +0.1314 +0.2308 +0.0000 +0.0571 +0.0544 +0.1368 +0.1317 +0.1177 +0.0816
 +0.1453 +0.1749 +0.0571 +0.0000 +0.0215 +0.0989 +0.0837 +0.1253 +0.0317
 +0.1616 +0.1779 +0.0544 +0.0215 +0.0000 +0.0860 +0.0775 +0.1038 +0.0278
 +0.2439 +0.1286 +0.1368 +0.0989 +0.0860 +0.0000 +0.0317 +0.0996 +0.0681
 +0.2249 +0.1092 +0.1317 +0.0837 +0.0775 +0.0317 +0.0000 +0.1229 +0.0524
 +0.2489 +0.2281 +0.1177 +0.1253 +0.1038 +0.0996 +0.1229 +0.0000 +0.1142
 +0.1759 +0.1501 +0.0816 +0.0317 +0.0278 +0.0681 +0.0524 +0.1142 +0.0000


xold
 +0.1835 +0.0573
 -0.0971 +0.1264
 +0.0792 -0.0226
 +0.0428 +0.0213
 +0.0313 +0.0032
 -0.0548 +0.0050
 -0.0402 +0.0332
 -0.0187 -0.0879
 +0.0111 +0.0224


dold
 +0.0000 +0.2890 +0.1314 +0.1453 +0.1616 +0.2439 +0.2249 +0.2489 +0.1759
 +0.2890 +0.0000 +0.2308 +0.1749 +0.1779 +0.1286 +0.1092 +0.2281 +0.1501
 +0.1314 +0.2308 +0.0000 +0.0571 +0.0544 +0.1368 +0.1317 +0.1177 +0.0816
 +0.1453 +0.1749 +0.0571 +0.0000 +0.0215 +0.0989 +0.0837 +0.1253 +0.0317
 +0.1616 +0.1779 +0.0544 +0.0215 +0.0000 +0.0860 +0.0775 +0.1038 +0.0278
 +0.2439 +0.1286 +0.1368 +0.0989 +0.0860 +0.0000 +0.0317 +0.0996 +0.0681
 +0.2249 +0.1092 +0.1317 +0.0837 +0.0775 +0.0317 +0.0000 +0.1229 +0.0524
 +0.2489 +0.2281 +0.1177 +0.1253 +0.1038 +0.0996 +0.1229 +0.0000 +0.1142
 +0.1759 +0.1501 +0.0816 +0.0317 +0.0278 +0.0681 +0.0524 +0.1142 +0.0000


bold
 +0.5387 -0.0427 -0.0879 -0.0694 -0.0651 -0.0678 -0.0656 -0.0632 -0.0769
 -0.0427 +0.5826 -0.0638 -0.0707 -0.0766 -0.0873 -0.0921 -0.0694 -0.0799
 -0.0879 -0.0638 +1.0718 -0.2097 -0.2003 -0.1303 -0.1257 -0.1286 -0.1255
 -0.0694 -0.0707 -0.2097 +1.5780 -0.3262 -0.1738 -0.1762 -0.1274 -0.4246
 -0.0651 -0.0766 -0.2003 -0.3262 +1.6899 -0.1987 -0.2004 -0.1470 -0.4756
 -0.0678 -0.0873 -0.1303 -0.1738 -0.1987 +1.3182 -0.2819 -0.1395 -0.2388
 -0.0656 -0.0921 -0.1257 -0.1762 -0.2004 -0.2819 +1.3307 -0.1227 -0.2661
 -0.0632 -0.0694 -0.1286 -0.1274 -0.1470 -0.1395 -0.1227 +0.9391 -0.1413
 -0.0769 -0.0799 -0.1255 -0.4246 -0.4756 -0.2388 -0.2661 -0.1413 +1.8287


** sold    0.7657143416
itel   1 sold 0.7657143416 snew 0.9749050244 sdif -0.2091906827 rmsd +0.0638484828 rate 0.0000000000 ddiff 0.2701026143
itel   2 sold 0.9749050244 snew 0.9893214426 sdif -0.0144164182 rmsd +0.0046269693 rate 0.0724679605 ddiff 0.2362495580
itel   3 sold 0.9893214426 snew 0.9901997004 sdif -0.0008782578 rmsd +0.0003940688 rate 0.0851677983 ddiff 0.2373205828
itel   4 sold 0.9901997004 snew 0.9901609079 sdif +0.0000387925 rmsd +0.0001927295 rate 0.4890758974 ddiff 0.2373146011
itel   5 sold 0.9901609079 snew 0.9901160230 sdif +0.0000448849 rmsd +0.0001719579 rate 0.8922239515 ddiff 0.2373134115
