0.00 5.63 5.27 4.60 4.80 7.54 6.73 7.18 6.17
5.63 0.00 6.72 5.64 6.22 5.12 4.59 7.22 5.47
5.27 6.72 0.00 5.46 4.97 8.13 7.55 6.90 4.67
4.60 5.64 5.46 0.00 3.20 7.84 6.73 7.28 6.13
4.80 6.22 4.97 3.20 0.00 7.80 7.08 6.96 6.04
7.54 5.12 8.13 7.84 7.80 0.00 4.08 6.34 7.42
6.73 4.59 7.55 6.73 7.08 4.08 0.00 6.88 6.36
7.18 7.22 6.90 7.28 6.96 6.34 6.88 0.00 7.36
6.17 5.47 4.67 6.13 6.04 7.42 6.36 7.36 0.00
