[1] "weights"
      [,1]      [,2]      [,3]      [,4]      [,5]      [,6]      [,7]     
 [1,] +0.000000 +0.027778 +0.027778 +0.027778 +0.027778 +0.027778 +0.027778
 [2,] +0.027778 +0.000000 +0.027778 +0.027778 +0.027778 +0.027778 +0.027778
 [3,] +0.027778 +0.027778 +0.000000 +0.027778 +0.027778 +0.027778 +0.027778
 [4,] +0.027778 +0.027778 +0.027778 +0.000000 +0.027778 +0.027778 +0.027778
 [5,] +0.027778 +0.027778 +0.027778 +0.027778 +0.000000 +0.027778 +0.027778
 [6,] +0.027778 +0.027778 +0.027778 +0.027778 +0.027778 +0.000000 +0.027778
 [7,] +0.027778 +0.027778 +0.027778 +0.027778 +0.027778 +0.027778 +0.000000
 [8,] +0.027778 +0.027778 +0.027778 +0.027778 +0.027778 +0.027778 +0.027778
 [9,] +0.027778 +0.027778 +0.027778 +0.027778 +0.027778 +0.027778 +0.027778
      [,8]      [,9]     
 [1,] +0.027778 +0.027778
 [2,] +0.027778 +0.027778
 [3,] +0.027778 +0.027778
 [4,] +0.027778 +0.027778
 [5,] +0.027778 +0.027778
 [6,] +0.027778 +0.027778
 [7,] +0.027778 +0.027778
 [8,] +0.000000 +0.027778
 [9,] +0.027778 +0.000000
[1] "delta"
     KVP       PvdA      VVD       ARP       CHU       CPN       PSP       BP       
KVP  +0.000000 +0.888710 +0.831883 +0.726122 +0.757693 +1.190209 +1.062348 +1.133382
PvdA +0.888710 +0.000000 +1.060770 +0.890289 +0.981844 +0.808206 +0.724544 +1.139696
VVD  +0.831883 +1.060770 +0.000000 +0.861876 +0.784528 +1.283342 +1.191788 +1.089183
ARP  +0.726122 +0.890289 +0.861876 +0.000000 +0.505128 +1.237565 +1.062348 +1.149167
CHU  +0.757693 +0.981844 +0.784528 +0.505128 +0.000000 +1.231251 +1.117597 +1.098654
CPN  +1.190209 +0.808206 +1.283342 +1.237565 +1.231251 +0.000000 +0.644039 +1.000786
PSP  +1.062348 +0.724544 +1.191788 +1.062348 +1.117597 +0.644039 +0.000000 +1.086026
BP   +1.133382 +1.139696 +1.089183 +1.149167 +1.098654 +1.000786 +1.086026 +0.000000
D66  +0.973951 +0.863454 +0.737172 +0.967637 +0.953430 +1.171267 +1.003943 +1.161796
     D66      
KVP  +0.973951
PvdA +0.863454
VVD  +0.737172
ARP  +0.967637
CHU  +0.953430
CPN  +1.171267
PSP  +1.003943
BP   +1.161796
D66  +0.000000
[1] "vmat"
      [,1]      [,2]      [,3]      [,4]      [,5]      [,6]      [,7]     
 [1,] +0.222222 -0.027778 -0.027778 -0.027778 -0.027778 -0.027778 -0.027778
 [2,] -0.027778 +0.222222 -0.027778 -0.027778 -0.027778 -0.027778 -0.027778
 [3,] -0.027778 -0.027778 +0.222222 -0.027778 -0.027778 -0.027778 -0.027778
 [4,] -0.027778 -0.027778 -0.027778 +0.222222 -0.027778 -0.027778 -0.027778
 [5,] -0.027778 -0.027778 -0.027778 -0.027778 +0.222222 -0.027778 -0.027778
 [6,] -0.027778 -0.027778 -0.027778 -0.027778 -0.027778 +0.222222 -0.027778
 [7,] -0.027778 -0.027778 -0.027778 -0.027778 -0.027778 -0.027778 +0.222222
 [8,] -0.027778 -0.027778 -0.027778 -0.027778 -0.027778 -0.027778 -0.027778
 [9,] -0.027778 -0.027778 -0.027778 -0.027778 -0.027778 -0.027778 -0.027778
      [,8]      [,9]     
 [1,] -0.027778 -0.027778
 [2,] -0.027778 -0.027778
 [3,] -0.027778 -0.027778
 [4,] -0.027778 -0.027778
 [5,] -0.027778 -0.027778
 [6,] -0.027778 -0.027778
 [7,] -0.027778 -0.027778
 [8,] +0.222222 -0.027778
 [9,] -0.027778 +0.222222
[1] "vinv"
      [,1]      [,2]      [,3]      [,4]      [,5]      [,6]      [,7]     
 [1,] +3.555556 -0.444444 -0.444444 -0.444444 -0.444444 -0.444444 -0.444444
 [2,] -0.444444 +3.555556 -0.444444 -0.444444 -0.444444 -0.444444 -0.444444
 [3,] -0.444444 -0.444444 +3.555556 -0.444444 -0.444444 -0.444444 -0.444444
 [4,] -0.444444 -0.444444 -0.444444 +3.555556 -0.444444 -0.444444 -0.444444
 [5,] -0.444444 -0.444444 -0.444444 -0.444444 +3.555556 -0.444444 -0.444444
 [6,] -0.444444 -0.444444 -0.444444 -0.444444 -0.444444 +3.555556 -0.444444
 [7,] -0.444444 -0.444444 -0.444444 -0.444444 -0.444444 -0.444444 +3.555556
 [8,] -0.444444 -0.444444 -0.444444 -0.444444 -0.444444 -0.444444 -0.444444
 [9,] -0.444444 -0.444444 -0.444444 -0.444444 -0.444444 -0.444444 -0.444444
      [,8]      [,9]     
 [1,] -0.444444 -0.444444
 [2,] -0.444444 -0.444444
 [3,] -0.444444 -0.444444
 [4,] -0.444444 -0.444444
 [5,] -0.444444 -0.444444
 [6,] -0.444444 -0.444444
 [7,] -0.444444 -0.444444
 [8,] +3.555556 -0.444444
 [9,] -0.444444 +3.555556
[1] "cross"
     KVP       PvdA      VVD       ARP       CHU       CPN       PSP       BP       
KVP  +0.373501 -0.047359 +0.061438 +0.102841 +0.082469 -0.213075 -0.152339 -0.131738
PvdA -0.047359 +0.321588 -0.181120 -0.055796 -0.138446 +0.142670 +0.123515 -0.164871
VVD  +0.061438 -0.181120 +0.441405 +0.029005 +0.095729 -0.294307 -0.264273 -0.048669
ARP  +0.102841 -0.055796 +0.029005 +0.359434 +0.234908 -0.277592 -0.159372 -0.156786
CHU  +0.082469 -0.138446 +0.095729 +0.234908 +0.365536 -0.266747 -0.216540 -0.096964
CPN  -0.213075 +0.142670 -0.294307 -0.277592 -0.266747 +0.616948 +0.326284 +0.131477
PSP  -0.152339 +0.123515 -0.264273 -0.159372 -0.216540 +0.326284 +0.450406 -0.040735
BP   -0.131738 -0.164871 -0.048669 -0.156786 -0.096964 +0.131477 -0.040735 +0.647578
D66  -0.075738 -0.000180 +0.160793 -0.076641 -0.059944 -0.165657 -0.066945 -0.139293
     D66      
KVP  -0.075738
PvdA -0.000180
VVD  +0.160793
ARP  -0.076641
CHU  -0.059944
CPN  -0.165657
PSP  -0.066945
BP   -0.139293
D66  +0.423605
[1] "xini scaled"
      [,1]      [,2]     
 [1,] +0.379896 +0.118657
 [2,] -0.302077 +0.439224
 [3,] +0.552222 -0.193533
 [4,] +0.478222 +0.152950
 [5,] +0.527012 -0.025200
 [6,] -0.888128 -0.007087
 [7,] -0.647754 +0.268845
 [8,] -0.295046 -0.916973
 [9,] +0.195654 +0.163117
[1] "dini scaled"
  1         2         3         4         5         6         7         8        
1 +0.000000 +0.753559 +0.356594 +0.104135 +0.205762 +1.274244 +1.038567 +1.236154
2 +0.753559 +0.000000 +1.063113 +0.831156 +0.950304 +0.736647 +0.385384 +1.356214
3 +0.356594 +1.063113 +0.000000 +0.354298 +0.170211 +1.452367 +1.285977 +1.114104
4 +0.104135 +0.831156 +0.354298 +0.000000 +0.184710 +1.375691 +1.131925 +1.320106
5 +0.205762 +0.950304 +0.170211 +0.184710 +0.000000 +1.415256 +1.211007 +1.212863
6 +1.274244 +0.736647 +1.452367 +1.375691 +1.415256 +0.000000 +0.365948 +1.086112
7 +1.038567 +0.385384 +1.285977 +1.131925 +1.211007 +0.365948 +0.000000 +1.237161
8 +1.236154 +1.356214 +1.114104 +1.320106 +1.212863 +1.086112 +1.237161 +0.000000
9 +0.189531 +0.569185 +0.504321 +0.282751 +0.381132 +1.097065 +0.850009 +1.186330
  9        
1 +0.189531
2 +0.569185
3 +0.504321
4 +0.282751
5 +0.381132
6 +1.097065
7 +0.850009
8 +1.186330
9 +0.000000
[1] "sold"
[1] +0.051387
[1] "bold"
     KVP       PvdA      VVD       ARP       CHU       CPN       PSP       BP       
KVP  +0.616113 -0.032760 -0.064802 -0.193692 -0.102288 -0.025946 -0.028414 -0.025468
PvdA -0.032760 +0.267112 -0.027717 -0.029754 -0.028700 -0.030476 -0.052224 -0.023343
VVD  -0.064802 -0.027717 +0.406171 -0.067573 -0.128032 -0.024545 -0.025743 -0.027156
ARP  -0.193692 -0.029754 -0.067573 +0.537285 -0.075964 -0.024989 -0.026070 -0.024181
CHU  -0.102288 -0.028700 -0.128032 -0.075964 +0.479436 -0.024166 -0.025635 -0.025162
CPN  -0.025946 -0.030476 -0.024545 -0.024989 -0.024166 +0.234261 -0.048887 -0.025596
PSP  -0.028414 -0.052224 -0.025743 -0.026070 -0.025635 -0.048887 +0.264166 -0.024384
BP   -0.025468 -0.023343 -0.027156 -0.024181 -0.025162 -0.025596 -0.024384 +0.202494
D66  -0.142743 -0.042139 -0.040603 -0.095062 -0.069488 -0.029657 -0.032808 -0.027203
     D66      
KVP  -0.142743
PvdA -0.042139
VVD  -0.040603
ARP  -0.095062
CHU  -0.069488
CPN  -0.029657
PSP  -0.032808
BP   -0.027203
D66  +0.479703
[1] "xnew"
      [,1]      [,2]     
 [1,] +0.330678 +0.147304
 [2,] -0.313024 +0.462714
 [3,] +0.587218 -0.376192
 [4,] +0.570453 +0.243814
 [5,] +0.589382 -0.074589
 [6,] -0.854114 -0.044390
 [7,] -0.648534 +0.254823
 [8,] -0.275941 -0.830307
 [9,] +0.013882 +0.216823
[1] "dnew"
  1         2         3         4         5         6         7         8        
1 +0.000000 +0.716824 +0.582975 +0.258468 +0.340828 +1.200200 +0.985097 +1.150525
2 +0.716824 +0.000000 +1.230528 +0.910191 +1.050253 +0.741574 +0.394696 +1.293552
3 +0.582975 +1.230528 +0.000000 +0.620232 +0.301610 +1.479031 +1.387538 +0.975328
4 +0.258468 +0.910191 +0.620232 +0.000000 +0.318965 +1.453428 +1.219036 +1.367522
5 +0.340828 +1.050253 +0.301610 +0.318965 +0.000000 +1.443812 +1.280994 +1.148866
6 +1.200200 +0.741574 +1.479031 +1.453428 +1.443812 +0.000000 +0.363031 +0.975679
7 +0.985097 +0.394696 +1.387538 +1.219036 +1.280994 +0.363031 +0.000000 +1.147315
8 +1.150525 +1.293552 +0.975328 +1.367522 +1.148866 +0.975679 +1.147315 +0.000000
9 +0.324334 +0.409060 +0.824852 +0.557224 +0.645074 +0.906449 +0.663505 +1.086498
  9        
1 +0.324334
2 +0.409060
3 +0.824852
4 +0.557224
5 +0.645074
6 +0.906449
7 +0.663505
8 +1.086498
9 +0.000000
[1] "bnew"
     KVP       PvdA      VVD       ARP       CHU       CPN       PSP       BP       
KVP  +0.382147 -0.034439 -0.039638 -0.078037 -0.061753 -0.027547 -0.029956 -0.027364
PvdA -0.034439 +0.275896 -0.023946 -0.027170 -0.025968 -0.030274 -0.050992 -0.024474
VVD  -0.039638 -0.023946 +0.278244 -0.038600 -0.072254 -0.024103 -0.023859 -0.031020
ARP  -0.078037 -0.027170 -0.038600 +0.307237 -0.043990 -0.023652 -0.024207 -0.023342
CHU  -0.061753 -0.025968 -0.072254 -0.043990 +0.319507 -0.023688 -0.024235 -0.026564
CPN  -0.027547 -0.030274 -0.024103 -0.023652 -0.023688 +0.242928 -0.049279 -0.028493
PSP  -0.029956 -0.050992 -0.023859 -0.024207 -0.024235 -0.049279 +0.270852 -0.026294
BP   -0.027364 -0.024474 -0.031020 -0.023342 -0.026564 -0.028493 -0.026294 +0.217254
D66  -0.083415 -0.058634 -0.024825 -0.048237 -0.041056 -0.035893 -0.042030 -0.029703
     D66      
KVP  -0.083415
PvdA -0.058634
VVD  -0.024825
ARP  -0.048237
CHU  -0.041056
CPN  -0.035893
PSP  -0.042030
BP   -0.029703
D66  +0.363793
itel     1 sold  0.051387202607623 snew  0.033957463103479 sdif  0.017429739504144 
[1] "xnew"
      [,1]      [,2]     
 [1,] +0.329231 +0.156284
 [2,] -0.311000 +0.491465
 [3,] +0.549795 -0.441000
 [4,] +0.604170 +0.289789
 [5,] +0.604828 -0.081833
 [6,] -0.837621 -0.081857
 [7,] -0.651767 +0.243198
 [8,] -0.270194 -0.798634
 [9,] -0.017442 +0.222586
[1] "dnew"
  1         2         3         4         5         6         7         8        
1 +0.000000 +0.722664 +0.636707 +0.305639 +0.364215 +1.190905 +0.984841 +1.127466
2 +0.722664 +0.000000 +1.269038 +0.937129 +1.080468 +0.778478 +0.421614 +1.290744
3 +0.636707 +1.269038 +0.000000 +0.732809 +0.363359 +1.433145 +1.382706 +0.894586
4 +0.305639 +0.937129 +0.732809 +0.000000 +0.371622 +1.488920 +1.256801 +1.396130
5 +0.364215 +1.080468 +0.363359 +0.371622 +0.000000 +1.442448 +1.297950 +1.131135
6 +1.190905 +0.778478 +1.433145 +1.488920 +1.442448 +0.000000 +0.374437 +0.914189
7 +0.984841 +0.421614 +1.382706 +1.256801 +1.297950 +0.374437 +0.000000 +1.109510
8 +1.127466 +1.290744 +0.894586 +1.396130 +1.131135 +0.914189 +1.109510 +0.000000
9 +0.352957 +0.398086 +0.872985 +0.625235 +0.692741 +0.874859 +0.634659 +1.052033
  9        
1 +0.352957
2 +0.398086
3 +0.872985
4 +0.625235
5 +0.692741
6 +0.874859
7 +0.634659
8 +1.052033
9 +0.000000
[1] "bnew"
     KVP       PvdA      VVD       ARP       CHU       CPN       PSP       BP       
KVP  +0.356533 -0.034160 -0.036293 -0.065993 -0.057787 -0.027762 -0.029964 -0.027924
PvdA -0.034160 +0.270363 -0.023219 -0.026389 -0.025242 -0.028839 -0.047736 -0.024527
VVD  -0.036293 -0.023219 +0.258250 -0.032670 -0.059975 -0.024874 -0.023942 -0.033820
ARP  -0.065993 -0.026389 -0.032670 +0.275232 -0.037757 -0.023088 -0.023480 -0.022864
CHU  -0.057787 -0.025242 -0.059975 -0.037757 +0.293601 -0.023711 -0.023918 -0.026980
CPN  -0.027762 -0.028839 -0.024874 -0.023088 -0.023711 +0.243650 -0.047778 -0.030409
PSP  -0.029964 -0.047736 -0.023942 -0.023480 -0.023918 -0.047778 +0.267949 -0.027190
BP   -0.027924 -0.024527 -0.033820 -0.022864 -0.026980 -0.030409 -0.027190 +0.224390
D66  -0.076650 -0.060250 -0.023456 -0.042990 -0.038231 -0.037189 -0.043941 -0.030676
     D66      
KVP  -0.076650
PvdA -0.060250
VVD  -0.023456
ARP  -0.042990
CHU  -0.038231
CPN  -0.037189
PSP  -0.043941
BP   -0.030676
D66  +0.353383
itel     2 sold  0.033957463103479 snew  0.031190966771665 sdif  0.002766496331814 
[1] "xnew"
      [,1]      [,2]     
 [1,] +0.339578 +0.163066
 [2,] -0.305439 +0.516487
 [3,] +0.508925 -0.470115
 [4,] +0.614157 +0.315377
 [5,] +0.616095 -0.083176
 [6,] -0.824872 -0.111396
 [7,] -0.653368 +0.234312
 [8,] -0.268771 -0.784313
 [9,] -0.026305 +0.219758
[1] "dnew"
  1         2         3         4         5         6         7         8        
1 +0.000000 +0.735495 +0.655436 +0.313994 +0.370266 +1.196357 +0.995498 +1.125884
2 +0.735495 +0.000000 +1.279285 +0.941330 +1.099464 +0.814891 +0.447970 +1.301317
3 +0.655436 +1.279285 +0.000000 +0.792509 +0.401506 +1.381192 +1.359095 +0.838768
4 +0.313994 +0.941330 +0.792509 +0.000000 +0.398558 +1.500979 +1.270114 +1.410277
5 +0.370266 +1.099464 +0.401506 +0.398558 +0.000000 +1.441243 +1.308562 +1.128974
6 +1.196357 +0.814891 +1.381192 +1.500979 +1.441243 +0.000000 +0.385911 +0.872963
7 +0.995498 +0.447970 +1.359095 +1.270114 +1.308562 +0.385911 +0.000000 +1.088812
8 +1.125884 +1.301317 +0.838768 +1.410277 +1.128974 +0.872963 +1.088812 +0.000000
9 +0.370249 +0.407387 +0.873152 +0.647561 +0.710244 +0.864507 +0.627231 +1.032932
  9        
1 +0.370249
2 +0.407387
3 +0.873152
4 +0.647561
5 +0.710244
6 +0.864507
7 +0.627231
8 +1.032932
9 +0.000000
[1] "bnew"
     KVP       PvdA      VVD       ARP       CHU       CPN       PSP       BP       
KVP  +0.348211 -0.033564 -0.035256 -0.064237 -0.056843 -0.027635 -0.029643 -0.027963
PvdA -0.033564 +0.263355 -0.023033 -0.026272 -0.024806 -0.027550 -0.044928 -0.024328
VVD  -0.035256 -0.023033 +0.252465 -0.030209 -0.054277 -0.025810 -0.024358 -0.036071
ARP  -0.064237 -0.026272 -0.030209 +0.266202 -0.035205 -0.022903 -0.023234 -0.022635
CHU  -0.056843 -0.024806 -0.054277 -0.035205 +0.282906 -0.023730 -0.023724 -0.027032
CPN  -0.027635 -0.027550 -0.025810 -0.022903 -0.023730 +0.243465 -0.046358 -0.031845
PSP  -0.029643 -0.044928 -0.024358 -0.023234 -0.023724 -0.046358 +0.264412 -0.027707
BP   -0.027963 -0.024328 -0.036071 -0.022635 -0.027032 -0.031845 -0.027707 +0.228823
D66  -0.073070 -0.058875 -0.023452 -0.041508 -0.037289 -0.037634 -0.044461 -0.031243
     D66      
KVP  -0.073070
PvdA -0.058875
VVD  -0.023452
ARP  -0.041508
CHU  -0.037289
CPN  -0.037634
PSP  -0.044461
BP   -0.031243
D66  +0.347532
itel     3 sold  0.031190966771665 snew  0.029992508231871 sdif  0.001198458539794 
[1] "xnew"
      [,1]      [,2]     
 [1,] +0.350731 +0.169982
 [2,] -0.299239 +0.535347
 [3,] +0.476291 -0.484164
 [4,] +0.615539 +0.331115
 [5,] +0.626593 -0.084429
 [6,] -0.815124 -0.132513
 [7,] -0.654114 +0.228551
 [8,] -0.269145 -0.777347
 [9,] -0.031532 +0.213458
[1] "dnew"
  1         2         3         4         5         6         7         8        
1 +0.000000 +0.745622 +0.666087 +0.309979 +0.375267 +1.204459 +1.006550 +1.132113
2 +0.745622 +0.000000 +1.280956 +0.937299 +1.114131 +0.843904 +0.469105 +1.313039
3 +0.666087 +1.280956 +0.000000 +0.827085 +0.427058 +1.338436 +1.336330 +0.801018
4 +0.309979 +0.937299 +0.827085 +0.000000 +0.415691 +1.503910 +1.273788 +1.418222
5 +0.375267 +1.114131 +0.427058 +0.415691 +0.000000 +1.442519 +1.318396 +1.132467
6 +1.204459 +0.843904 +1.338436 +1.503910 +1.442519 +0.000000 +0.395338 +0.844929
7 +1.006550 +0.469105 +1.336330 +1.273788 +1.318396 +0.395338 +0.000000 +1.077049
8 +1.132113 +1.313039 +0.801018 +1.418222 +1.132467 +0.844929 +1.077049 +0.000000
9 +0.384727 +0.418664 +0.862879 +0.657680 +0.722403 +0.856570 +0.622765 +1.018899
  9        
1 +0.384727
2 +0.418664
3 +0.862879
4 +0.657680
5 +0.722403
6 +0.856570
7 +0.622765
8 +1.018899
9 +0.000000
[1] "bnew"
     KVP       PvdA      VVD       ARP       CHU       CPN       PSP       BP       
KVP  +0.343851 -0.033108 -0.034692 -0.065069 -0.056085 -0.027449 -0.029318 -0.027809
PvdA -0.033108 +0.257881 -0.023003 -0.026385 -0.024480 -0.026603 -0.042903 -0.024111
VVD  -0.034692 -0.023003 +0.250580 -0.028946 -0.051029 -0.026634 -0.024773 -0.037771
ARP  -0.065069 -0.026385 -0.028946 +0.263556 -0.033754 -0.022858 -0.023167 -0.022508
CHU  -0.056085 -0.024480 -0.051029 -0.033754 +0.276215 -0.023710 -0.023547 -0.026948
CPN  -0.027449 -0.026603 -0.026634 -0.022858 -0.023710 +0.243391 -0.045252 -0.032902
PSP  -0.029318 -0.042903 -0.024773 -0.023167 -0.023547 -0.045252 +0.261750 -0.028009
BP   -0.027809 -0.024111 -0.037771 -0.022508 -0.026948 -0.032902 -0.028009 +0.231731
D66  -0.070320 -0.057289 -0.023731 -0.040869 -0.036661 -0.037983 -0.044780 -0.031673
     D66      
KVP  -0.070320
PvdA -0.057289
VVD  -0.023731
ARP  -0.040869
CHU  -0.036661
CPN  -0.037983
PSP  -0.044780
BP   -0.031673
D66  +0.343307
itel     4 sold  0.029992508231871 snew  0.029372365668813 sdif  0.000620142563058 
[1] "xnew"
      [,1]      [,2]     
 [1,] +0.360165 +0.177017
 [2,] -0.293088 +0.548516
 [3,] +0.452406 -0.490586
 [4,] +0.613994 +0.341813
 [5,] +0.635138 -0.086186
 [6,] -0.808078 -0.146823
 [7,] -0.654541 +0.225576
 [8,] -0.269996 -0.773853
 [9,] -0.035999 +0.204527
[1] "dnew"
  1         2         3         4         5         6         7         8        
1 +0.000000 +0.751499 +0.673945 +0.302633 +0.380638 +1.212297 +1.015868 +1.140726
2 +0.751499 +0.000000 +1.278864 +0.930335 +1.124478 +0.865281 +0.484705 +1.322570
3 +0.673945 +1.278864 +0.000000 +0.847938 +0.443768 +1.306520 +1.318416 +0.775954
4 +0.302633 +0.930335 +0.847938 +0.000000 +0.428521 +1.503680 +1.273849 +1.423428
5 +0.380638 +1.124478 +0.443768 +0.428521 +0.000000 +1.444489 +1.326826 +1.136729
6 +1.212297 +0.865281 +1.306520 +1.503680 +1.444489 +0.000000 +0.402809 +0.826256
7 +1.015868 +0.484705 +1.318416 +1.273849 +1.326826 +0.402809 +0.000000 +1.070856
8 +1.140726 +1.322570 +0.775954 +1.423428 +1.136729 +0.826256 +1.070856 +0.000000
9 +0.397118 +0.429445 +0.849542 +0.664333 +0.731395 +0.848265 +0.618900 +1.005973
  9        
1 +0.397118
2 +0.429445
3 +0.849542
4 +0.664333
5 +0.731395
6 +0.848265
7 +0.618900
8 +1.005973
9 +0.000000
[1] "bnew"
     KVP       PvdA      VVD       ARP       CHU       CPN       PSP       BP       
KVP  +0.341125 -0.032850 -0.034287 -0.066649 -0.055294 -0.027272 -0.029049 -0.027599
PvdA -0.032850 +0.253982 -0.023041 -0.026582 -0.024254 -0.025946 -0.041523 -0.023937
VVD  -0.034287 -0.023041 +0.250159 -0.028234 -0.049108 -0.027285 -0.025110 -0.038991
ARP  -0.066649 -0.026582 -0.028234 +0.263122 -0.032744 -0.022862 -0.023166 -0.022426
CHU  -0.055294 -0.024254 -0.049108 -0.032744 +0.271532 -0.023677 -0.023397 -0.026847
CPN  -0.027272 -0.025946 -0.027285 -0.022862 -0.023677 +0.243454 -0.044413 -0.033645
PSP  -0.029049 -0.041523 -0.025110 -0.023166 -0.023397 -0.044413 +0.259888 -0.028171
BP   -0.027599 -0.023937 -0.038991 -0.022426 -0.026847 -0.033645 -0.028171 +0.233697
D66  -0.068126 -0.055851 -0.024104 -0.040460 -0.036210 -0.038355 -0.045059 -0.032080
     D66      
KVP  -0.068126
PvdA -0.055851
VVD  -0.024104
ARP  -0.040460
CHU  -0.036210
CPN  -0.038355
PSP  -0.045059
BP   -0.032080
D66  +0.340246
itel     5 sold  0.029372365668813 snew  0.029039241311173 sdif  0.000333124357641 
$conf
             [,1]       [,2]
 [1,]  0.36016509  0.1770165
 [2,] -0.29308819  0.5485157
 [3,]  0.45240604 -0.4905861
 [4,]  0.61399367  0.3418134
 [5,]  0.63513784 -0.0861861
 [6,] -0.80807822 -0.1468234
 [7,] -0.65454119  0.2255757
 [8,] -0.26999573 -0.7738527
 [9,] -0.03599932  0.2045270

$dist
          1         2         3         4         5         6         7         8
1 0.0000000 0.7514995 0.6739449 0.3026334 0.3806384 1.2122973 1.0158675 1.1407256
2 0.7514995 0.0000000 1.2788644 0.9303351 1.1244776 0.8652810 0.4847045 1.3225700
3 0.6739449 1.2788644 0.0000000 0.8479384 0.4437683 1.3065196 1.3184157 0.7759538
4 0.3026334 0.9303351 0.8479384 0.0000000 0.4285215 1.5036803 1.2738492 1.4234283
5 0.3806384 1.1244776 0.4437683 0.4285215 0.0000000 1.4444894 1.3268261 1.1367287
6 1.2122973 0.8652810 1.3065196 1.5036803 1.4444894 0.0000000 0.4028086 0.8262557
7 1.0158675 0.4847045 1.3184157 1.2738492 1.3268261 0.4028086 0.0000000 1.0708559
8 1.1407256 1.3225700 0.7759538 1.4234283 1.1367287 0.8262557 1.0708559 0.0000000
9 0.3971185 0.4294448 0.8495423 0.6643331 0.7313954 0.8482647 0.6188999 1.0059727
          9
1 0.3971185
2 0.4294448
3 0.8495423
4 0.6643331
5 0.7313954
6 0.8482647
7 0.6188999
8 1.0059727
9 0.0000000

$loss
[1] 0.02903924

$weights
            [,1]       [,2]       [,3]       [,4]       [,5]       [,6]       [,7]
 [1,] 0.00000000 0.02777778 0.02777778 0.02777778 0.02777778 0.02777778 0.02777778
 [2,] 0.02777778 0.00000000 0.02777778 0.02777778 0.02777778 0.02777778 0.02777778
 [3,] 0.02777778 0.02777778 0.00000000 0.02777778 0.02777778 0.02777778 0.02777778
 [4,] 0.02777778 0.02777778 0.02777778 0.00000000 0.02777778 0.02777778 0.02777778
 [5,] 0.02777778 0.02777778 0.02777778 0.02777778 0.00000000 0.02777778 0.02777778
 [6,] 0.02777778 0.02777778 0.02777778 0.02777778 0.02777778 0.00000000 0.02777778
 [7,] 0.02777778 0.02777778 0.02777778 0.02777778 0.02777778 0.02777778 0.00000000
 [8,] 0.02777778 0.02777778 0.02777778 0.02777778 0.02777778 0.02777778 0.02777778
 [9,] 0.02777778 0.02777778 0.02777778 0.02777778 0.02777778 0.02777778 0.02777778
            [,8]       [,9]
 [1,] 0.02777778 0.02777778
 [2,] 0.02777778 0.02777778
 [3,] 0.02777778 0.02777778
 [4,] 0.02777778 0.02777778
 [5,] 0.02777778 0.02777778
 [6,] 0.02777778 0.02777778
 [7,] 0.02777778 0.02777778
 [8,] 0.00000000 0.02777778
 [9,] 0.02777778 0.00000000

$delta
           KVP      PvdA       VVD       ARP       CHU       CPN       PSP       BP
KVP  0.0000000 0.8887105 0.8318835 0.7261222 0.7576927 1.1902090 1.0623484 1.133382
PvdA 0.8887105 0.0000000 1.0607698 0.8902890 0.9818435 0.8082056 0.7245437 1.139696
VVD  0.8318835 1.0607698 0.0000000 0.8618755 0.7845277 1.2833421 1.1917876 1.089183
ARP  0.7261222 0.8902890 0.8618755 0.0000000 0.5051285 1.2375648 1.0623484 1.149167
CHU  0.7576927 0.9818435 0.7845277 0.5051285 0.0000000 1.2312507 1.1175968 1.098654
CPN  1.1902090 0.8082056 1.2833421 1.2375648 1.2312507 0.0000000 0.6440388 1.000786
PSP  1.0623484 0.7245437 1.1917876 1.0623484 1.1175968 0.6440388 0.0000000 1.086026
BP   1.1333821 1.1396962 1.0891833 1.1491673 1.0986545 1.0007858 1.0860263 0.000000
D66  0.9739509 0.8634540 0.7371719 0.9676368 0.9534300 1.1712667 1.0039429 1.161796
           D66
KVP  0.9739509
PvdA 0.8634540
VVD  0.7371719
ARP  0.9676368
CHU  0.9534300
CPN  1.1712667
PSP  1.0039429
BP   1.1617955
D66  0.0000000

$itel
[1] 5

