weights

   +0.0000000000             nan   +0.2500000000   +0.2500000000
             nan   +0.0000000000   +0.2500000000   +0.2500000000
   +0.2500000000   +0.2500000000   +0.0000000000             nan
   +0.2500000000   +0.2500000000             nan   +0.0000000000


delta

   +0.0000000000             nan   +0.3651483717   +0.7302967433
             nan   +0.0000000000   +1.0954451150   +1.4605934867
   +0.3651483717   +1.0954451150   +0.0000000000             nan
   +0.7302967433   +1.4605934867             nan   +0.0000000000


vmat

   +0.5000000000   -0.0000000000   -0.2500000000   -0.2500000000
   -0.0000000000   +0.5000000000   -0.2500000000   -0.2500000000
   -0.2500000000   -0.2500000000   +0.5000000000   +0.0000000000
   -0.2500000000   -0.2500000000   +0.0000000000   +0.5000000000


vinv

   +1.2500000000   -0.7500000000   -0.2500000000   -0.2500000000
   -0.7500000000   +1.2500000000   -0.2500000000   -0.2500000000
   -0.2500000000   -0.2500000000   +1.2500000000   -0.7500000000
   -0.2500000000   -0.2500000000   -0.7500000000   +1.2500000000


xini

   +0.0867376203   -0.1366878779
   +0.8797071632   +0.1999348771
   -0.2625278021   -0.4724828084
   -0.7039169814   +0.4092358092


dini

   +0.0000000000   +0.8614613022   +0.4845044589   +0.9608159925
   +0.8614613022   +0.0000000000   +1.3254607726   +1.5973954775
   +0.4845044589   +1.3254607726   +0.0000000000   +0.9860284622
   +0.9608159925   +1.5973954775   +0.9860284622   +0.0000000000


bold

   +0.3784332466   -0.0000000000   -0.1884133185   -0.1900199281
   -0.0000000000   +0.4352057432   -0.2066159063   -0.2285898369
   -0.1884133185   -0.2066159063   +0.3950292248   -0.0000000000
   -0.1900199281   -0.2285898369   -0.0000000000   +0.4186097650


sold    0.0173758734

itel   1 sold 0.0173758734 snew 0.0006079301 sdif +0.0167679433 rmsd +0.0723561989 rate          nan
itel   2 sold 0.0006079301 snew 0.0002593801 sdif +0.0003485500 rmsd +0.0100414502 rate 0.1387780221
itel   3 sold 0.0002593801 snew 0.0000884613 sdif +0.0001709189 rmsd +0.0060586354 rate 0.6033625934
itel   4 sold 0.0000884613 snew 0.0000301025 sdif +0.0000583587 rmsd +0.0035505999 rate 0.5860395297
itel   5 sold 0.0000301025 snew 0.0000100378 sdif +0.0000200648 rmsd +0.0020841212 rate 0.5869772087
itel   6 sold 0.0000100378 snew 0.0000033318 sdif +0.0000067060 rmsd +0.0012087602 rate 0.5799855554
itel   7 sold 0.0000033318 snew 0.0000011014 sdif +0.0000022304 rmsd +0.0006978552 rate 0.5773314305
itel   8 sold 0.0000011014 snew 0.0000003632 sdif +0.0000007382 rmsd +0.0004018208 rate 0.5757939328
itel   9 sold 0.0000003632 snew 0.0000001196 sdif +0.0000002436 rmsd +0.0002308999 rate 0.5746340475
itel  10 sold 0.0000001196 snew 0.0000000394 sdif +0.0000000803 rmsd +0.0001325902 rate 0.5742323326
itel  11 sold 0.0000000394 snew 0.0000000130 sdif +0.0000000264 rmsd +0.0000760799 rate 0.5737974121
itel  12 sold 0.0000000130 snew 0.0000000043 sdif +0.0000000087 rmsd +0.0000436467 rate 0.5736950546
itel  13 sold 0.0000000043 snew 0.0000000014 sdif +0.0000000029 rmsd +0.0000250328 rate 0.5735324474
itel  14 sold 0.0000000014 snew 0.0000000005 sdif +0.0000000009 rmsd +0.0000143566 rate 0.5735119708
itel  15 sold 0.0000000005 snew 0.0000000002 sdif +0.0000000003 rmsd +0.0000082328 rate 0.5734492999
itel  16 sold 0.0000000002 snew 0.0000000000 sdif +0.0000000001 rmsd +0.0000047211 rate 0.5734489919
itel  17 sold 0.0000000000 snew 0.0000000000 sdif +0.0000000000 rmsd +0.0000027072 rate 0.5734238723
itel  18 sold 0.0000000000 snew 0.0000000000 sdif +0.0000000000 rmsd +0.0000015524 rate 0.5734269358
itel  19 sold 0.0000000000 snew 0.0000000000 sdif +0.0000000000 rmsd +0.0000008902 rate 0.5734164551
itel  20 sold 0.0000000000 snew 0.0000000000 sdif +0.0000000000 rmsd +0.0000005104 rate 0.5734190202
itel  21 sold 0.0000000000 snew 0.0000000000 sdif +0.0000000000 rmsd +0.0000002927 rate 0.5734144815
itel  22 sold 0.0000000000 snew 0.0000000000 sdif +0.0000000000 rmsd +0.0000001678 rate 0.5734160909
itel  23 sold 0.0000000000 snew 0.0000000000 sdif +0.0000000000 rmsd +0.0000000962 rate 0.5734140615
itel  24 sold 0.0000000000 snew 0.0000000000 sdif +0.0000000000 rmsd +0.0000000552 rate 0.5734149676
itel  25 sold 0.0000000000 snew 0.0000000000 sdif +0.0000000000 rmsd +0.0000000316 rate 0.5734140353
itel  26 sold 0.0000000000 snew 0.0000000000 sdif +0.0000000000 rmsd +0.0000000181 rate 0.5734145187
itel  27 sold 0.0000000000 snew 0.0000000000 sdif +0.0000000000 rmsd +0.0000000104 rate 0.5734140837
itel  28 sold 0.0000000000 snew 0.0000000000 sdif +0.0000000000 rmsd +0.0000000060 rate 0.5734143300
itel  29 sold 0.0000000000 snew 0.0000000000 sdif +0.0000000000 rmsd +0.0000000034 rate 0.5734141260
itel  30 sold 0.0000000000 snew 0.0000000000 sdif +0.0000000000 rmsd +0.0000000020 rate 0.5734142513
itel  31 sold 0.0000000000 snew 0.0000000000 sdif +0.0000000000 rmsd +0.0000000011 rate 0.5734141684
itel  32 sold 0.0000000000 snew 0.0000000000 sdif +0.0000000000 rmsd +0.0000000006 rate 0.5734142206
itel  33 sold 0.0000000000 snew 0.0000000000 sdif +0.0000000000 rmsd +0.0000000004 rate 0.5734141814
itel  34 sold 0.0000000000 snew 0.0000000000 sdif +0.0000000000 rmsd +0.0000000002 rate 0.5734141401
itel  35 sold 0.0000000000 snew 0.0000000000 sdif +0.0000000000 rmsd +0.0000000001 rate 0.5734142435
itel  36 sold 0.0000000000 snew 0.0000000000 sdif +0.0000000000 rmsd +0.0000000001 rate 0.5734140785


final configuration

   -0.0029766371   -0.0505793605
   +0.8099265996   +0.1151203802
   -0.1694794373   -0.3755565147
   -0.6374705252   +0.3110154950


final distances

   +0.0000000000   +0.8296192357   +0.3651483716   +0.7302967435
   +0.8296192357   +0.0000000000   +1.0954451152   +1.4605934865
   +0.3651483716   +1.0954451152   +0.0000000000   +0.8309011871
   +0.7302967435   +1.4605934865   +0.8309011871   +0.0000000000


