weights

   +0.0000000000   +0.0666666667   +0.0666666667   +0.0666666667   +0.0666666667   +0.0666666667
   +0.0666666667   +0.0000000000   +0.0666666667   +0.0666666667   +0.0666666667   +0.0666666667
   +0.0666666667   +0.0666666667   +0.0000000000   +0.0666666667   +0.0666666667   +0.0666666667
   +0.0666666667   +0.0666666667   +0.0666666667   +0.0000000000   +0.0666666667   +0.0666666667
   +0.0666666667   +0.0666666667   +0.0666666667   +0.0666666667   +0.0000000000   +0.0666666667
   +0.0666666667   +0.0666666667   +0.0666666667   +0.0666666667   +0.0666666667   +0.0000000000


delta

   +0.0000000000   +0.1099853363   +0.2199706725   +0.3299560088   +0.4399413451   +0.5499266813
   +0.1099853363   +0.0000000000   +0.6599120176   +0.7698973539   +0.8798826901   +0.9898680264
   +0.2199706725   +0.6599120176   +0.0000000000   +1.0998533627   +1.2098386989   +1.3198240352
   +0.3299560088   +0.7698973539   +1.0998533627   +0.0000000000   +1.4298093715   +1.5397947077
   +0.4399413451   +0.8798826901   +1.2098386989   +1.4298093715   +0.0000000000   +1.6497800440
   +0.5499266813   +0.9898680264   +1.3198240352   +1.5397947077   +1.6497800440   +0.0000000000


vmat

   +0.3333333333   -0.0666666667   -0.0666666667   -0.0666666667   -0.0666666667   -0.0666666667
   -0.0666666667   +0.3333333333   -0.0666666667   -0.0666666667   -0.0666666667   -0.0666666667
   -0.0666666667   -0.0666666667   +0.3333333333   -0.0666666667   -0.0666666667   -0.0666666667
   -0.0666666667   -0.0666666667   -0.0666666667   +0.3333333333   -0.0666666667   -0.0666666667
   -0.0666666667   -0.0666666667   -0.0666666667   -0.0666666667   +0.3333333333   -0.0666666667
   -0.0666666667   -0.0666666667   -0.0666666667   -0.0666666667   -0.0666666667   +0.3333333333


vinv

   +2.0833333333   -0.4166666667   -0.4166666667   -0.4166666667   -0.4166666667   -0.4166666667
   -0.4166666667   +2.0833333333   -0.4166666667   -0.4166666667   -0.4166666667   -0.4166666667
   -0.4166666667   -0.4166666667   +2.0833333333   -0.4166666667   -0.4166666667   -0.4166666667
   -0.4166666667   -0.4166666667   -0.4166666667   +2.0833333333   -0.4166666667   -0.4166666667
   -0.4166666667   -0.4166666667   -0.4166666667   -0.4166666667   +2.0833333333   -0.4166666667
   -0.4166666667   -0.4166666667   -0.4166666667   -0.4166666667   -0.4166666667   +2.0833333333


xini

   -0.0235582546   +0.0320479083
   +0.0222681790   -0.0222683330
   +0.0820906886   -0.1118955777
   +0.2207815075   -0.7283705794
   +0.6336041799   +0.6042278388
   -0.9351863003   +0.2262587430


dini

   +0.0000000000   +0.0710655760   +0.1785537072   +0.7987103329   +0.8713508698   +0.9320855873
   +0.0710655760   +0.0000000000   +0.1077579493   +0.7334766009   +0.8753451658   +0.9891838997
   +0.1785537072   +0.1077579493   +0.0000000000   +0.6318833524   +0.9038804561   +1.0720078436
   +0.7987103329   +0.7334766009   +0.6318833524   +0.0000000000   +1.3950774542   +1.4991926880
   +0.8713508698   +0.8753451658   +0.9038804561   +1.3950774542   +0.0000000000   +1.6136803303
   +0.9320855873   +0.9891838997   +1.0720078436   +1.4991926880   +1.6136803303   +0.0000000000


bold

   +0.2858413649   -0.1031773211   -0.0821305350   -0.0275407320   -0.0336597162   -0.0393330605
   -0.1031773211   +0.7151474507   -0.4082681118   -0.0699769975   -0.0670122465   -0.0667127738
   -0.0821305350   -0.4082681118   +0.7777493030   -0.1160397045   -0.0892329431   -0.0820780086
   -0.0275407320   -0.0699769975   -0.1160397045   +0.3503560100   -0.0683264033   -0.0684721726
   -0.0336597162   -0.0670122465   -0.0892329431   -0.0683264033   +0.3263893787   -0.0681580696
   -0.0393330605   -0.0667127738   -0.0820780086   -0.0684721726   -0.0681580696   +0.3247540851


sold    0.0413173080

itel   1 sold 0.0413173080 snew 0.0370974236 sdif +0.0042198844 rmsd +0.0350190477 rate          nan
itel   2 sold 0.0370974236 snew 0.0353846772 sdif +0.0017127464 rmsd +0.0222058768 rate 0.6341085288
itel   3 sold 0.0353846772 snew 0.0350541073 sdif +0.0003305699 rmsd +0.0075812193 rate 0.3414059890
itel   4 sold 0.0350541073 snew 0.0343376388 sdif +0.0007164685 rmsd +0.0081931998 rate 1.0807232252
itel   5 sold 0.0343376388 snew 0.0333779988 sdif +0.0009596401 rmsd +0.0098532893 rate 1.2026179710
itel   6 sold 0.0333779988 snew 0.0324325278 sdif +0.0009454710 rmsd +0.0101833125 rate 1.0334937089
itel   7 sold 0.0324325278 snew 0.0317830999 sdif +0.0006494279 rmsd +0.0090457492 rate 0.8882914285
itel   8 sold 0.0317830999 snew 0.0313547523 sdif +0.0004283476 rmsd +0.0075634196 rate 0.8361297017
itel   9 sold 0.0313547523 snew 0.0310787754 sdif +0.0002759769 rmsd +0.0061607126 rate 0.8145406338
itel  10 sold 0.0310787754 snew 0.0309104417 sdif +0.0001683337 rmsd +0.0048830021 rate 0.7926034529
itel  11 sold 0.0309104417 snew 0.0308122555 sdif +0.0000981862 rmsd +0.0037754379 rate 0.7731796559
itel  12 sold 0.0308122555 snew 0.0307568757 sdif +0.0000553799 rmsd +0.0028622718 rate 0.7581297613
itel  13 sold 0.0307568757 snew 0.0307263599 sdif +0.0000305158 rmsd +0.0021388923 rate 0.7472708634
itel  14 sold 0.0307263599 snew 0.0307098262 sdif +0.0000165337 rmsd +0.0015818673 rate 0.7395731504
itel  15 sold 0.0307098262 snew 0.0307009730 sdif +0.0000088532 rmsd +0.0011613611 rate 0.7341709534
itel  16 sold 0.0307009730 snew 0.0306962722 sdif +0.0000047007 rmsd +0.0008482255 rate 0.7303719104
itel  17 sold 0.0306962722 snew 0.0306937910 sdif +0.0000024813 rmsd +0.0006172601 rate 0.7277075976
itel  18 sold 0.0306937910 snew 0.0306924867 sdif +0.0000013043 rmsd +0.0004480319 rate 0.7258396101
itel  19 sold 0.0306924867 snew 0.0306918031 sdif +0.0000006836 rmsd +0.0003246170 rate 0.7245400497
itel  20 sold 0.0306918031 snew 0.0306914455 sdif +0.0000003576 rmsd +0.0002349079 rate 0.7236462968
itel  21 sold 0.0306914455 snew 0.0306912587 sdif +0.0000001868 rmsd +0.0001698495 rate 0.7230470022
itel  22 sold 0.0306912587 snew 0.0306911612 sdif +0.0000000975 rmsd +0.0001227439 rate 0.7226629368
itel  23 sold 0.0306911612 snew 0.0306911103 sdif +0.0000000509 rmsd +0.0000886750 rate 0.7224393701
itel  24 sold 0.0306911103 snew 0.0306910838 sdif +0.0000000265 rmsd +0.0000640533 rate 0.7223377515
itel  25 sold 0.0306910838 snew 0.0306910699 sdif +0.0000000139 rmsd +0.0000462677 rate 0.7223316953
itel  26 sold 0.0306910699 snew 0.0306910627 sdif +0.0000000072 rmsd +0.0000334240 rate 0.7224031860
itel  27 sold 0.0306910627 snew 0.0306910589 sdif +0.0000000038 rmsd +0.0000241502 rate 0.7225404702
itel  28 sold 0.0306910589 snew 0.0306910570 sdif +0.0000000020 rmsd +0.0000174542 rate 0.7227362462
itel  29 sold 0.0306910570 snew 0.0306910559 sdif +0.0000000010 rmsd +0.0000126192 rate 0.7229865514
itel  30 sold 0.0306910559 snew 0.0306910554 sdif +0.0000000005 rmsd +0.0000091273 rate 0.7232898588
itel  31 sold 0.0306910554 snew 0.0306910551 sdif +0.0000000003 rmsd +0.0000066049 rate 0.7236464730
itel  32 sold 0.0306910551 snew 0.0306910549 sdif +0.0000000001 rmsd +0.0000047824 rate 0.7240580430
itel  33 sold 0.0306910549 snew 0.0306910549 sdif +0.0000000001 rmsd +0.0000034650 rate 0.7245272010
itel  34 sold 0.0306910549 snew 0.0306910548 sdif +0.0000000000 rmsd +0.0000025123 rate 0.7250572528
itel  35 sold 0.0306910548 snew 0.0306910548 sdif +0.0000000000 rmsd +0.0000018230 rate 0.7256519101
itel  36 sold 0.0306910548 snew 0.0306910548 sdif +0.0000000000 rmsd +0.0000013241 rate 0.7263150345
itel  37 sold 0.0306910548 snew 0.0306910548 sdif +0.0000000000 rmsd +0.0000009627 rate 0.7270503828
itel  38 sold 0.0306910548 snew 0.0306910548 sdif +0.0000000000 rmsd +0.0000007007 rate 0.7278613426
itel  39 sold 0.0306910548 snew 0.0306910548 sdif +0.0000000000 rmsd +0.0000005106 rate 0.7287506558
itel  40 sold 0.0306910548 snew 0.0306910548 sdif +0.0000000000 rmsd +0.0000003726 rate 0.7297201325
itel  41 sold 0.0306910548 snew 0.0306910548 sdif +0.0000000000 rmsd +0.0000002723 rate 0.7307703635
itel  42 sold 0.0306910548 snew 0.0306910548 sdif +0.0000000000 rmsd +0.0000001993 rate 0.7319004451
itel  43 sold 0.0306910548 snew 0.0306910548 sdif +0.0000000000 rmsd +0.0000001461 rate 0.7331077353
itel  44 sold 0.0306910548 snew 0.0306910548 sdif +0.0000000000 rmsd +0.0000001073 rate 0.7343876662
itel  45 sold 0.0306910548 snew 0.0306910548 sdif +0.0000000000 rmsd +0.0000000789 rate 0.7357336356
itel  46 sold 0.0306910548 snew 0.0306910548 sdif +0.0000000000 rmsd +0.0000000582 rate 0.7371370001
itel  47 sold 0.0306910548 snew 0.0306910548 sdif +0.0000000000 rmsd +0.0000000430 rate 0.7385871901
itel  48 sold 0.0306910548 snew 0.0306910548 sdif +0.0000000000 rmsd +0.0000000318 rate 0.7400719470
itel  49 sold 0.0306910548 snew 0.0306910548 sdif +0.0000000000 rmsd +0.0000000236 rate 0.7415776915
itel  50 sold 0.0306910548 snew 0.0306910548 sdif +0.0000000000 rmsd +0.0000000175 rate 0.7430899848
itel  51 sold 0.0306910548 snew 0.0306910548 sdif +0.0000000000 rmsd +0.0000000131 rate 0.7445940707
itel  52 sold 0.0306910548 snew 0.0306910548 sdif +0.0000000000 rmsd +0.0000000097 rate 0.7460754394
itel  53 sold 0.0306910548 snew 0.0306910548 sdif +0.0000000000 rmsd +0.0000000073 rate 0.7475203859
itel  54 sold 0.0306910548 snew 0.0306910548 sdif +0.0000000000 rmsd +0.0000000055 rate 0.7489164994
itel  55 sold 0.0306910548 snew 0.0306910548 sdif +0.0000000000 rmsd +0.0000000041 rate 0.7502530673
itel  56 sold 0.0306910548 snew 0.0306910548 sdif +0.0000000000 rmsd +0.0000000031 rate 0.7515213243
itel  57 sold 0.0306910548 snew 0.0306910548 sdif +0.0000000000 rmsd +0.0000000023 rate 0.7527146499
itel  58 sold 0.0306910548 snew 0.0306910548 sdif +0.0000000000 rmsd +0.0000000017 rate 0.7538285192
itel  59 sold 0.0306910548 snew 0.0306910548 sdif +0.0000000000 rmsd +0.0000000013 rate 0.7548604587
itel  60 sold 0.0306910548 snew 0.0306910548 sdif +0.0000000000 rmsd +0.0000000010 rate 0.7558098601
itel  61 sold 0.0306910548 snew 0.0306910548 sdif +0.0000000000 rmsd +0.0000000008 rate 0.7566777264
itel  62 sold 0.0306910548 snew 0.0306910548 sdif -0.0000000000 rmsd +0.0000000006 rate 0.7574663255
itel  63 sold 0.0306910548 snew 0.0306910548 sdif +0.0000000000 rmsd +0.0000000004 rate 0.7581791010
itel  64 sold 0.0306910548 snew 0.0306910548 sdif +0.0000000000 rmsd +0.0000000003 rate 0.7588202295
itel  65 sold 0.0306910548 snew 0.0306910548 sdif -0.0000000000 rmsd +0.0000000002 rate 0.7593941434
itel  66 sold 0.0306910548 snew 0.0306910548 sdif +0.0000000000 rmsd +0.0000000002 rate 0.7599063474
itel  67 sold 0.0306910548 snew 0.0306910548 sdif +0.0000000000 rmsd +0.0000000001 rate 0.7603611541
itel  68 sold 0.0306910548 snew 0.0306910548 sdif +0.0000000000 rmsd +0.0000000001 rate 0.7607644793
itel  69 sold 0.0306910548 snew 0.0306910548 sdif +0.0000000000 rmsd +0.0000000001 rate 0.7611204413
delta

   +0.0000000000   +0.1099853363   +0.2199706725   +0.3299560088   +0.4399413451   +0.5499266813
   +0.1099853363   +0.0000000000   +0.6599120176   +0.7698973539   +0.8798826901   +0.9898680264
   +0.2199706725   +0.6599120176   +0.0000000000   +1.0998533627   +1.2098386989   +1.3198240352
   +0.3299560088   +0.7698973539   +1.0998533627   +0.0000000000   +1.4298093715   +1.5397947077
   +0.4399413451   +0.8798826901   +1.2098386989   +1.4298093715   +0.0000000000   +1.6497800440
   +0.5499266813   +0.9898680264   +1.3198240352   +1.5397947077   +1.6497800440   +0.0000000000


weights

   +0.0000000000   +0.0666666667   +0.0666666667   +0.0666666667   +0.0666666667   +0.0666666667
   +0.0666666667   +0.0000000000   +0.0666666667   +0.0666666667   +0.0666666667   +0.0666666667
   +0.0666666667   +0.0666666667   +0.0000000000   +0.0666666667   +0.0666666667   +0.0666666667
   +0.0666666667   +0.0666666667   +0.0666666667   +0.0000000000   +0.0666666667   +0.0666666667
   +0.0666666667   +0.0666666667   +0.0666666667   +0.0666666667   +0.0000000000   +0.0666666667
   +0.0666666667   +0.0666666667   +0.0666666667   +0.0666666667   +0.0666666667   +0.0000000000


itel   69 snew    0.0306910548

configuration

   +0.0388923116   -0.0312638285
   -0.0480745420   +0.0175107974
   +0.4768468838   -0.1854287888
   -0.0416336460   -0.7350268850
   +0.4600415032   +0.6957269654
   -0.8860725106   +0.2384817395


distances

   +0.0000000000   +0.0997105700   +0.4642962872   +0.7083550448   +0.8401679927   +0.9634949890
   +0.0997105700   +0.0000000000   +0.5627850202   +0.7525652454   +0.8474426741   +0.8666422287
   +0.4642962872   +0.5627850202   +0.0000000000   +0.7555660971   +0.8813159955   +1.4273224624
   +0.7083550448   +0.7525652454   +0.7555660971   +0.0000000000   +1.5161578201   +1.2887187583
   +0.8401679927   +0.8474426741   +0.8813159955   +1.5161578201   +0.0000000000   +1.4216526069
   +0.9634949890   +0.8666422287   +1.4273224624   +1.2887187583   +1.4216526069   +0.0000000000


