weights

   +0.0000000000   +0.0000000000   +0.2500000000   +0.2500000000
   +0.0000000000   +0.0000000000   +0.2500000000   +0.2500000000
   +0.2500000000   +0.2500000000   +0.0000000000   +0.0000000000
   +0.2500000000   +0.2500000000   +0.0000000000   +0.0000000000


delta

   +0.0000000000   +0.0000000000   +0.3651483717   +0.7302967433
   +0.0000000000   +0.0000000000   +1.0954451150   +1.4605934867
   +0.3651483717   +1.0954451150   +0.0000000000   +0.0000000000
   +0.7302967433   +1.4605934867   +0.0000000000   +0.0000000000


vmat

   +0.5000000000   -0.0000000000   -0.2500000000   -0.2500000000
   -0.0000000000   +0.5000000000   -0.2500000000   -0.2500000000
   -0.2500000000   -0.2500000000   +0.5000000000   +0.0000000000
   -0.2500000000   -0.2500000000   +0.0000000000   +0.5000000000


vinv

   +1.2500000000   -0.7500000000   -0.2500000000   -0.2500000000
   -0.7500000000   +1.2500000000   -0.2500000000   -0.2500000000
   -0.2500000000   -0.2500000000   +1.2500000000   -0.7500000000
   -0.2500000000   -0.2500000000   -0.7500000000   +1.2500000000


xini

   +0.0740006224   -0.1166159274
   +0.7505264423   +0.1705754122
   -0.2239768704   -0.4031010046
   -0.6005501942   +0.3491415198


dini

   +0.0000000000   +0.7349598972   +0.4133573341   +0.8197248342
   +0.7349598972   +0.0000000000   +1.1308233008   +1.3628257161
   +0.4133573341   +1.1308233008   +0.0000000000   +0.8412349753
   +0.8197248342   +1.3628257161   +0.8412349753   +0.0000000000


bold

   +0.4435692323   -0.0000000000   -0.2208430464   -0.2227261859
   -0.0000000000   +0.5101134193   -0.2421786663   -0.2679347530
   -0.2208430464   -0.2421786663   +0.4630217127   -0.0000000000
   -0.2227261859   -0.2679347530   -0.0000000000   +0.4906609390


sold    0.0026414551

itel   1 sold 0.0026414551 snew 0.0006079301 sdif +0.0020335249 rmsd +0.0278571777 rate          nan
itel   2 sold 0.0006079301 snew 0.0002271365 sdif +0.0003807936 rmsd +0.0100414502 rate 0.3604618637
itel   3 sold 0.0002271365 snew 0.0000810252 sdif +0.0001461114 rmsd +0.0056457037 rate 0.5622398736
itel   4 sold 0.0000810252 snew 0.0000270842 sdif +0.0000539410 rmsd +0.0033975566 rate 0.6017950558
itel   5 sold 0.0000270842 snew 0.0000090626 sdif +0.0000180216 rmsd +0.0019786226 rate 0.5823663589
itel   6 sold 0.0000090626 snew 0.0000030047 sdif +0.0000060578 rmsd +0.0011484707 rate 0.5804394966
itel   7 sold 0.0000030047 snew 0.0000009930 sdif +0.0000020117 rmsd +0.0006629118 rate 0.5772125830
itel   8 sold 0.0000009930 snew 0.0000003275 sdif +0.0000006655 rmsd +0.0003815156 rate 0.5755148767
itel   9 sold 0.0000003275 snew 0.0000001079 sdif +0.0000002197 rmsd +0.0002192877 rate 0.5747803437
itel  10 sold 0.0000001079 snew 0.0000000355 sdif +0.0000000724 rmsd +0.0001258905 rate 0.5740883701
itel  11 sold 0.0000000355 snew 0.0000000117 sdif +0.0000000238 rmsd +0.0000722493 rate 0.5739061243
itel  12 sold 0.0000000117 snew 0.0000000038 sdif +0.0000000078 rmsd +0.0000414454 rate 0.5736443035
itel  13 sold 0.0000000038 snew 0.0000000013 sdif +0.0000000026 rmsd +0.0000237733 rate 0.5736056645
itel  14 sold 0.0000000013 snew 0.0000000004 sdif +0.0000000008 rmsd +0.0000136341 rate 0.5735051032
itel  15 sold 0.0000000004 snew 0.0000000001 sdif +0.0000000003 rmsd +0.0000078192 rate 0.5735023471
itel  16 sold 0.0000000001 snew 0.0000000000 sdif +0.0000000001 rmsd +0.0000044840 rate 0.5734623142
itel  17 sold 0.0000000000 snew 0.0000000000 sdif +0.0000000000 rmsd +0.0000025714 rate 0.5734662819
itel  18 sold 0.0000000000 snew 0.0000000000 sdif +0.0000000000 rmsd +0.0000014746 rate 0.5734496968
itel  19 sold 0.0000000000 snew 0.0000000000 sdif +0.0000000000 rmsd +0.0000008456 rate 0.5734534002
itel  20 sold 0.0000000000 snew 0.0000000000 sdif +0.0000000000 rmsd +0.0000004849 rate 0.5734462637
itel  21 sold 0.0000000000 snew 0.0000000000 sdif +0.0000000000 rmsd +0.0000002781 rate 0.5734486612
itel  22 sold 0.0000000000 snew 0.0000000000 sdif +0.0000000000 rmsd +0.0000001595 rate 0.5734454875
itel  23 sold 0.0000000000 snew 0.0000000000 sdif +0.0000000000 rmsd +0.0000000914 rate 0.5734468553
itel  24 sold 0.0000000000 snew 0.0000000000 sdif +0.0000000000 rmsd +0.0000000524 rate 0.5734454056
itel  25 sold 0.0000000000 snew 0.0000000000 sdif +0.0000000000 rmsd +0.0000000301 rate 0.5734461401
itel  26 sold 0.0000000000 snew 0.0000000000 sdif +0.0000000000 rmsd +0.0000000172 rate 0.5734454654
itel  27 sold 0.0000000000 snew 0.0000000000 sdif +0.0000000000 rmsd +0.0000000099 rate 0.5734458424
itel  28 sold 0.0000000000 snew 0.0000000000 sdif +0.0000000000 rmsd +0.0000000057 rate 0.5734455220
itel  29 sold 0.0000000000 snew 0.0000000000 sdif +0.0000000000 rmsd +0.0000000033 rate 0.5734457283
itel  30 sold 0.0000000000 snew 0.0000000000 sdif +0.0000000000 rmsd +0.0000000019 rate 0.5734455604
itel  31 sold 0.0000000000 snew 0.0000000000 sdif +0.0000000000 rmsd +0.0000000011 rate 0.5734456688
itel  32 sold 0.0000000000 snew 0.0000000000 sdif +0.0000000000 rmsd +0.0000000006 rate 0.5734455896
itel  33 sold 0.0000000000 snew 0.0000000000 sdif +0.0000000000 rmsd +0.0000000004 rate 0.5734456048
itel  34 sold 0.0000000000 snew 0.0000000000 sdif +0.0000000000 rmsd +0.0000000002 rate 0.5734456230
itel  35 sold 0.0000000000 snew 0.0000000000 sdif +0.0000000000 rmsd +0.0000000001 rate 0.5734457642
itel  36 sold 0.0000000000 snew 0.0000000000 sdif +0.0000000000 rmsd +0.0000000001 rate 0.5734454666
configuration

   -0.0029644172   -0.0505740112
   +0.8099252889   +0.1151269361
   -0.1694846076   -0.3755422550
   -0.6374762641   +0.3109893300


distances

   +0.0000000000   +0.8296062188   +0.3651483716   +0.7302967435
   +0.8296062188   +0.0000000000   +1.0954451152   +1.4605934865
   +0.3651483716   +1.0954451152   +0.0000000000   +0.8308681049
   +0.7302967435   +1.4605934865   +0.8308681049   +0.0000000000


