delta

  +0.0000000000  +1.0000000000  +1.4142000000  +1.0000000000
  +1.0000000000  +0.0000000000  +1.0000000000  +1.4142000000
  +1.4142000000  +1.0000000000  +0.0000000000  +1.0000000000
  +1.0000000000  +1.4142000000  +1.0000000000  +0.0000000000


xini

  +0.0000000000  +1.0000000000
  -2.0000000000  -1.0000000000
  -2.0000000000  -2.0000000000
  +4.0000000000  +2.0000000000


delta normalized

  +0.0000000000  +0.8660295564  +1.2247389987  +0.8660295564
  +0.8660295564  +0.0000000000  +0.8660295564  +1.2247389987
  +1.2247389987  +0.8660295564  +0.0000000000  +0.8660295564
  +0.8660295564  +1.2247389987  +0.8660295564  +0.0000000000


xold = xini

  +0.0000000000  +0.1894334452
  -0.3788668904  -0.1894334452
  -0.3788668904  -0.3788668904
  +0.7577337809  +0.3788668904


dold = dini

  +0.0000000000  +0.5357986948  +0.6830120000  +0.7810541037
  +0.5357986948  +0.0000000000  +0.1894334452  +1.2707581822
  +0.6830120000  +0.1894334452  +0.0000000000  +1.3660240001
  +0.7810541037  +1.2707581822  +1.3660240001  +0.0000000000


bold

  +0.7530456464  -0.2693889716  -0.2988573648  -0.1847993100
  -0.2693889716  +1.1919670532  -0.7619470745  -0.1606310070
  -0.2988573648  -0.7619470745  +1.1664674872  -0.1056630479
  -0.1847993100  -0.1606310070  -0.1056630479  +0.4510933649


sold   +0.1866059829

xnew

  -0.6145437320  -0.6145437320
  -1.3903309898  -1.3903309898
  +1.9286632480  +1.9286632480
  +0.0762114739  +0.0762114739


dnew

  +0.0000000000  +1.0971288614  +3.5966378031  +0.9768753805
  +1.0971288614  +0.0000000000  +4.6937666645  +2.0740042419
  +3.5966378031  +4.6937666645  +0.0000000000  +2.6197624226
  +0.9768753805  +2.0740042419  +2.6197624226  +0.0000000000


** dnew

  +0.0000000000  +1.0971288614  +3.5966378031  +0.9768753805
  +1.0971288614  +0.0000000000  +4.6937666645  +2.0740042419
  +3.5966378031  +4.6937666645  +0.0000000000  +2.6197624226
  +0.9768753805  +2.0740042419  +2.6197624226  +0.0000000000


bnew

  +0.3360689105  -0.1315599876  -0.0567538845  -0.1477550384
  -0.1315599876  +0.2607308793  -0.0307510513  -0.0984198404
  -0.0567538845  -0.0307510513  +0.1426008705  -0.0550959347
  -0.1477550384  -0.0984198404  -0.0550959347  +0.3012708135


snew    4.0233332354

itel   1 sold 0.1866059829 snew 4.0233332354 sdif -3.8367272525 rmsd +1.0000000000 rate 1.0000000000 ddiff 4.5043332193
xnew

  -1.0879608468  -1.0879608468
  +1.0251456139  +1.0251456139
  +0.0456991267  +0.0456991267
  +0.0171161062  +0.0171161062


dnew

  +0.0000000000  +2.9883838155  +1.6032373097  +1.5628148143
  +2.9883838155  +0.0000000000  +1.3851465058  +1.4255690011
  +1.6032373097  +1.3851465058  +0.0000000000  +0.0404224953
  +1.5628148143  +1.4255690011  +0.0404224953  +0.0000000000


** dnew

  +0.0000000000  +2.9883838155  +1.6032373097  +1.5628148143
  +2.9883838155  +0.0000000000  +1.3851465058  +1.4255690011
  +1.6032373097  +1.3851465058  +0.0000000000  +0.0404224953
  +1.5628148143  +1.4255690011  +0.0404224953  +0.0000000000


bnew

  +0.2679770219  -0.0482997728  -0.1273193714  -0.0923578776
  -0.0482997728  +0.2956912526  -0.1042043270  -0.1431871528
  -0.1273193714  -0.1042043270  +3.8022646509  -3.5707409525
  -0.0923578776  -0.1431871528  -3.5707409525  +3.8062859830


snew    1.0207667308

itel   2 sold 4.0233332354 snew 1.0207667308 sdif +3.0025665046 rmsd +1.0000000000 rate 1.0000000000 ddiff 3.3086201587
