     [,1]      [,2]      [,3]      [,4]      [,5]      [,6]     
[1,] +0.000000 +0.045455 +0.045455 +0.045455 +0.000000 +0.000000
[2,] +0.045455 +0.000000 +0.045455 +0.045455 +0.045455 +0.045455
[3,] +0.045455 +0.045455 +0.000000 +0.045455 +0.045455 +0.045455
[4,] +0.045455 +0.045455 +0.045455 +0.000000 +0.045455 +0.045455
[5,] +0.000000 +0.045455 +0.045455 +0.045455 +0.000000 +0.454545
[6,] +0.000000 +0.045455 +0.045455 +0.045455 +0.454545 +0.000000
     [,1]      [,2]      [,3]      [,4]      [,5]      [,6]     
[1,] +0.136364 -0.045455 -0.045455 -0.045455 -0.000000 -0.000000
[2,] -0.045455 +0.227273 -0.045455 -0.045455 -0.045455 -0.045455
[3,] -0.045455 -0.045455 +0.227273 -0.045455 -0.045455 -0.045455
[4,] -0.045455 -0.045455 -0.045455 +0.227273 -0.045455 -0.045455
[5,] -0.000000 -0.045455 -0.045455 -0.045455 +0.590909 -0.454545
[6,] -0.000000 -0.045455 -0.045455 -0.045455 -0.454545 +0.590909
     [,1]      [,2]      [,3]      [,4]      [,5]      [,6]     
[1,] +5.500000 -0.611111 -0.611111 -0.611111 -1.833333 -1.833333
[2,] -0.611111 +3.055556 -0.611111 -0.611111 -0.611111 -0.611111
[3,] -0.611111 -0.611111 +3.055556 -0.611111 -0.611111 -0.611111
[4,] -0.611111 -0.611111 -0.611111 +3.055556 -0.611111 -0.611111
[5,] -1.833333 -0.611111 -0.611111 -0.611111 +2.311594 +1.355072
[6,] -1.833333 -0.611111 -0.611111 -0.611111 +1.355072 +2.311594
     [,1]      [,2]      [,3]      [,4]      [,5]      [,6]     
[1,] +0.000000 +0.082606 +0.165213 +0.247819 +0.330426 +0.413032
[2,] +0.082606 +0.000000 +0.495639 +0.578245 +0.660851 +0.743458
[3,] +0.165213 +0.495639 +0.000000 +0.826064 +0.908671 +0.991277
[4,] +0.247819 +0.578245 +0.826064 +0.000000 +1.073884 +1.156490
[5,] +0.330426 +0.660851 +0.908671 +1.073884 +0.000000 +1.239096
[6,] +0.413032 +0.743458 +0.991277 +1.156490 +1.239096 +0.000000
     [,1]      [,2]     
[1,] +0.018319 +0.024920
[2,] -0.017316 -0.017316
[3,] -0.063834 -0.087010
[4,] -0.171679 -0.566380
[5,] -0.492689 +0.469846
[6,] +0.727199 +0.175938
  1         2         3         4         5         6        
1 +0.000000 +0.055260 +0.138843 +0.621076 +0.677561 +0.724788
2 +0.055260 +0.000000 +0.083792 +0.570350 +0.680667 +0.769187
3 +0.138843 +0.083792 +0.000000 +0.491351 +0.702856 +0.833591
4 +0.621076 +0.570350 +0.491351 +0.000000 +1.084809 +1.165769
5 +0.677561 +0.680667 +0.702856 +1.084809 +0.000000 +1.254795
6 +0.724788 +0.769187 +0.833591 +1.165769 +1.254795 +0.000000
